0,1,2,3,4,5,6,7,8,9,10,11,12,13,14,15,16,17,18,19,20,21,22,23,24,25,26,27,28,29,30,31,32,33,34,35,36,37,38,39,40,41,42,43,44,45,46,47,48,49,50,51,52,53,54,55,56,57,58,59,60,61,62,63,64,65,66,67,68
0.01060195295926117,0.00032983515098146903,0.004661111521606488,0.00029174795109908233,0.0008089721255018941,0.0008706733893113606,0.0013360989718741263,0.003434703685393635,0.006405505276219799,0.001573001355142572,0.00941134709093776,0.0015196792753072305,0.0027438018795271396,0.06296118838157586,0.009271947939368225,0.005775542990165123,0.010466362527679872,0.005570633854797883,0.0,0.0,7.617439976477345e-07,0.02469345517174661,0.02373441947870811,0.017043260203370412,0.00039686862277446967,1.3711391957659222e-05,0.0037767267403374678,9.902671969420549e-05,8.37918397412508e-06,0.015432171648345453,0.005708509518372123,0.004820316017114864,0.0028481608072048795,0.000923995469146702,0.013259677767054116,0.031084487312011102,0.0007952607335442349,0.00020643262336253606,1.0664415967068283e-05,0.00455294387394051,0.008162848678793123,0.009869155233524048,0.003667035604676194,0.008379945718122728,0.00048827790249219785,0.013767761013485154,0.014470088979316365,0.00012264078362128527,3.7325455884738996e-05,0.004022008307580038,0.007372920153232422,0.0047167188334347725,0.00576335508620276,0.006525860827848142,0.010048165072971266,0.007605252072514982,0.007345497369317104,0.020394933793020445,0.003039358550614461,0.004265766386827313,0.0016232764589873222,0.0018472291942957563,0.000134828687583649,0.0003679223508638558,0.004010582147615322,0.016463573021160485,0.0033836668375512367,0.0025731712240540474,0.003909270195928173
0.00032983515098146903,0.0005179859184004595,0.006493105835949289,0.00020033867138135418,5.027510384475048e-05,3.275499189885258e-05,0.0007716466696171551,0.0009910289409397026,0.004036481443535345,0.0012812534040434894,0.0028649191751531295,4.798987185180728e-05,9.064753572008041e-05,0.001237072252179921,0.0021229805214442363,0.0008447740933913376,0.000935421629111418,0.002527466584195183,0.0,0.0,1.523487995295469e-06,0.0006992809898406203,0.0009049518692055087,0.0008828612932737243,3.884894388003446e-05,0.0,0.0007670762056312686,6.855695978829611e-06,0.0,0.00042200617469684493,0.000355734446901492,0.00029708015908261646,0.0009636061570243842,0.0003778250228332763,0.001489209515401321,0.0011068140285821584,0.00024832854323316144,2.9708015908261647e-05,1.523487995295469e-06,0.0017436320106156643,0.0028999593990449253,0.0017451554986109598,0.0019432089379993708,0.002180873065265464,0.00013178171159305808,0.0014016089556718315,0.003081254470485086,2.2852319929432035e-06,7.617439976477345e-07,0.0008897169892525539,0.0010253074208338507,0.00016910716747779706,0.0004738047665368909,0.006814561802956633,0.004709863137455942,0.0004349558226568564,0.0008942874532384404,0.0012454514361540459,0.00031460027102851436,0.0005964455501581761,0.00047532825453218636,0.0008295392134383829,1.9043599941193364e-05,3.123150390355712e-05,0.0026661039917670708,0.0017931453704627671,0.0027651307114612764,0.0002140500633390134,0.00018586553542604723
0.004661111521606488,0.006493105835949289,0.04725859761406545,0.0008394418854078034,0.0008798143172831334,0.0008813378052784288,0.007890906071632882,0.00897105906029737,0.041633879935434576,0.01679493166013725,0.052059870031239124,0.0006680494859370631,0.0024055875445715457,0.027828031722067038,0.043127659914821787,0.02618952038312676,0.02788135380190238,0.02457614659610886,0.0,0.0,5.332207983534142e-06,0.021449949229762556,0.025979279039775986,0.02476734433951844,0.00048827790249219785,5.332207983534142e-06,0.02546967230534965,0.0001584427515107288,2.2852319929432035e-05,0.012702842904773621,0.013498103638317856,0.010720023278896568,0.016267804813765017,0.01076648966275308,0.022396035274841044,0.016890911403840865,0.003067543078527427,0.00018205681543780855,3.808719988238673e-06,0.04981729570216419,0.0446534331421102,0.03942863106224439,0.025474242769335537,0.02676159012536021,0.0015326289232672418,0.03003632757124782,0.05143752518516092,4.113417587297766e-05,0.00013939915156953542,0.010694123982976545,0.029701921956280464,0.0037546361644056835,0.012100303402634262,0.05791844311714785,0.1152130179002222,0.005970549453562944,0.016309700733635645,0.04222880199759746,0.012368437289806265,0.014272797283925602,0.007903093975595245,0.013543046534179072,0.0004631403505698226,0.0007404151657135979,0.05416609218473511,0.04823972388303573,0.022907927241260322,0.005824294606014579,0.008024211271221236
0.00029174795109908233,0.00020033867138135418,0.0008394418854078034,0.013236063703127035,0.02401778824583307,0.007106309754055715,0.013776140197459279,0.00025061377522610467,0.014540931171097605,0.005111302224216299,0.005864667037889908,0.012929080872074998,0.01343944935049898,0.002608211447945843,0.0008653411813278264,0.0005225563823863459,0.003769871044358638,0.003936692979843492,0.0,0.0,0.0,0.0023149400088514653,0.0016308938989637997,0.0015966154190696516,0.006235636364744355,2.513755192237524e-05,0.0006985192458429726,0.0005568348622804939,9.902671969420549e-05,0.0018060950184227787,0.005866190525885204,0.006087096285203046,0.03312443773771174,0.01437106225962216,0.0008074486375065986,0.0013696157077706266,0.038676027992568425,0.006212022300817275,5.636905582593235e-05,0.0016141355310155495,0.00753517162473139,0.0054914124790425185,0.008825565956746653,0.003552774005029034,0.03017115625883147,0.00404181365151888,0.0057694490381839415,0.00010207369568479643,1.675836794825016e-05,0.00021785878332725208,0.0007213715657724046,0.0002818452791296618,0.002756751527487151,0.009904957201413492,0.0019317827780346549,0.0003252646869955826,0.0020826080895689062,0.0037508274444174447,0.022335095755029226,0.013152271863385785,0.07851980953353083,0.05952191423219633,0.0014358874355659796,0.005371818671411824,0.0041652161791378125,0.0026653422477694233,0.0004738047665368909,0.004346511250577973,0.008290821670397942
0.0008089721255018941,5.027510384475048e-05,0.0008798143172831334,0.02401778824583307,0.08728215073847272,0.05874874407458388,0.02370775843879044,0.0005621670702640281,0.02305646732080163,0.006009398397442978,0.009012193236170347,0.0645402836886996,0.04981044000618536,0.005874569709859329,0.0012401192281705118,0.0010184517248550211,0.004723574529413602,0.0074056751451312755,0.0,0.0,0.0,0.0045270445780204865,0.002653916087804707,0.002267711880997306,0.01592806699081413,0.00011807031963539885,0.0009575122050432024,0.0009392303490996567,6.779521579064837e-05,0.004098182707344812,0.009744990961907467,0.009681766210102706,0.028964553766557457,0.00956293414646966,0.0015623369391755035,0.002754466295494208,0.050469348564150654,0.015755151103348092,0.00017139239947074026,0.0021481180733666115,0.013998569444772417,0.009938473937309993,0.011949478091100012,0.006432166316137471,0.04989499358992426,0.006672877419394155,0.010301825824187962,0.0003572579348967875,0.00010740590366833057,0.0007571735336618481,0.0011281428605162949,0.00046237860657217486,0.004704530929472408,0.017490403929989632,0.0026958120076753327,0.0009537034850549636,0.0035946699248996595,0.007010330010352101,0.03401796344695253,0.018451724855021074,0.054190467992659835,0.03766138498770164,0.0018502761702863472,0.007888620839639938,0.006148035805014865,0.004258148946850836,0.0008920022212454971,0.00626077391666673,0.017263404218690607
0.0008706733893113606,3.275499189885258e-05,0.0008813378052784288,0.007106309754055715,0.05874874407458388,0.0614635996822004,0.00902438114013271,0.000685569597882961,0.015930352222807073,0.0043388938106014956,0.006096998957172467,0.03502498901184283,0.02600136961570777,0.004680916865545328,0.0013741861717565132,0.0008592472293466446,0.003958783555775276,0.006042915133339478,0.0,0.0,0.0,0.0033699554455935777,0.0021054604094983384,0.001825138618363972,0.016094888926298984,0.00014244612756012635,0.0006558615819746994,0.0009209484931561111,7.998311975301212e-05,0.0042634811548343705,0.006307240300523242,0.005384768319371835,0.012526118297319347,0.004846977057032535,0.0013376224598694217,0.0027735098954354016,0.016960991851624457,0.010991204142059162,0.000160727983503672,0.0013810418677353427,0.008178083558746078,0.005567586878807292,0.006598988251622325,0.0041796893150931195,0.01942828066000547,0.0049703795846514675,0.007998311975301212,0.0003206942230096962,5.9416031816523295e-05,0.0007327977257371207,0.0007282272617512342,0.00037401630284503764,0.0031094389983980526,0.010476265199649294,0.0027255200235835942,0.0008104956134971895,0.002342362792766784,0.004823362993105455,0.015108430449345166,0.00998341683317121,0.021089644318875177,0.012967168071957386,0.0013391459478647174,0.009445625570831909,0.0038125287082269115,0.003217606646064031,0.0006954722698523816,0.003187898630155769,0.010548630879425827
0.0013360989718741263,0.0007716466696171551,0.007890906071632882,0.013776140197459279,0.02370775843879044,0.00902438114013271,0.17358165171997986,0.0016019476270531857,0.07292556161480586,0.0183595538313057,0.028355920312436916,0.015301151680750044,0.03301474660205046,0.013076859207618658,0.004057810275469482,0.0032115126940828486,0.014454854099363411,0.03972418773333171,0.0,0.0,3.046975990590938e-06,0.016192392157997892,0.014560736515036445,0.008655697045271207,0.0034415593813724647,2.8946271910613912e-05,0.003618283988826739,0.0005362677743440051,5.636905582593235e-05,0.008080580327047168,0.04313832433078885,0.06716982396857958,0.14350266648486376,0.046116743361591495,0.007821587367846938,0.005927130045697023,0.03672824859058317,0.0021945844572231234,2.056708793648883e-05,0.008643509141308844,0.14378298827599814,0.06839470831679714,0.09180538659650496,0.043651739785203425,0.02291478293723915,0.03961297310967514,0.04991860765385134,0.00029860364707791196,0.00022852319929432037,0.0018601788422557678,0.007173343225848716,0.0019637760259358598,0.03409489959071495,0.10568664746563963,0.01084723452650374,0.0013338137398811831,0.017641990985521532,0.0326833879630737,0.18308136111464476,0.17070682987285732,0.09848969017586384,0.12434861366401148,0.0019325445220323026,0.0039290755398670146,0.023420580951677247,0.013722818117623938,0.004723574529413602,0.03355329960838741,0.054399947592012964
0.003434703685393635,0.0009910289409397026,0.00897105906029737,0.00025061377522610467,0.0005621670702640281,0.000685569597882961,0.0016019476270531857,0.009214055395546997,0.006176220332927832,0.002006433689804133,0.0069829072264367825,0.0010093107968832482,0.0011799414523563409,0.020455873312832263,0.016659341228555953,0.008199412390680215,0.004863735424980785,0.005460180975138961,0.0,0.0,7.617439976477345e-07,0.008719683541073617,0.007155823113902818,0.008030305223202418,0.0005286503343675278,5.332207983534142e-06,0.003570294116974932,8.37918397412508e-05,0.0,0.005674231038477974,0.004335846834610905,0.002950234502889676,0.0021938227132254754,0.0009011431492172699,0.010903603582329672,0.015322480512684181,0.0007228950537677001,0.0001363521755789445,1.5996623950602425e-05,0.0040044881956341405,0.007351591321298286,0.006624125803544699,0.0034682204212901353,0.00719238682578991,0.0004509524466074588,0.009144736691761053,0.010353624416028008,1.5996623950602425e-05,3.808719988238673e-05,0.006758954491128348,0.006117566045108956,0.0017466789866062552,0.00425662545885554,0.00837613699813449,0.018922482645567375,0.007052987674220374,0.004832503921077228,0.008104956134971895,0.0028900567270755046,0.003414136597457146,0.001408464651650661,0.0015821422831143446,0.00017291588746603574,0.0005941603181652329,0.004371648802500349,0.008601613221438218,0.009615494482307353,0.0028854862630896183,0.0021648764413148614
0.006405505276219799,0.004036481443535345,0.041633879935434576,0.014540931171097605,0.02305646732080163,0.015930352222807073,0.07292556161480586,0.006176220332927832,0.375235093241274,0.15086111350214088,0.2952275976803372,0.012753118008618372,0.023626251831042135,0.05937108892066208,0.018299376055491527,0.012066024922740115,0.10681174335016534,0.12236960275812267,0.0,0.0,4.570463985886407e-06,0.05457971917545783,0.036288722303940424,0.031538486734609156,0.0163919690853816,0.00017139239947074026,0.015506060816117283,0.004431064834316872,0.00024223459125197958,0.03656066491110067,0.04122482340869774,0.05413943114481744,0.2606345175151606,0.1313208564744812,0.024623374723963018,0.026651898989698938,0.0378952403949795,0.0071885781058016705,0.00018434204743075175,0.05126841801768312,0.227665475552969,0.14075353239735308,0.17249692826732949,0.11288588998740837,0.02197022038015596,0.12289901483648784,0.2133256447972504,0.00014701659154601275,0.0006132039181064263,0.00557825129477436,0.02033551776120392,0.006746766587165985,0.05990050099902725,0.22626767531728542,0.04929550106377549,0.005718412190341543,0.048642686457791386,0.10446176311742207,0.07577676939800133,0.09841123054410612,0.09565600250461427,0.1592204921323271,0.011360649980918312,0.021932133180273573,0.20152089806570347,0.0788016548126605,0.02270225636189543,0.020157269665754353,0.03620950092818506
0.001573001355142572,0.0012812534040434894,0.01679493166013725,0.005111302224216299,0.006009398397442978,0.0043388938106014956,0.0183595538313057,0.002006433689804133,0.15086111350214088,0.05977405149541773,0.09009298608979285,0.0032899723258405654,0.006459589100052789,0.017159045291012868,0.006981383738441487,0.004638259201677056,0.03531292824295368,0.05397413269732788,0.0,0.0,2.2852319929432035e-06,0.015348379808604203,0.01260229269708412,0.011116891901671038,0.004324420674646189,2.9708015908261647e-05,0.00584714692594401,0.0008683881573184174,6.62717277953529e-05,0.007590778936559675,0.010315537216145622,0.014870766322079074,0.0876919690092072,0.05750024566243924,0.007781976679969256,0.008795096196840742,0.014057223732591294,0.0030378350626191655,7.845963175771666e-05,0.020683634768128935,0.06785691705445784,0.04303929761109465,0.07573639696612601,0.03494500589208982,0.008366996070162716,0.033955500439145414,0.0863482525973566,8.37918397412508e-05,0.0001432078715577741,0.0018022862984345398,0.007954892567435291,0.001781719210498051,0.015284393312801793,0.10826515089767721,0.021087359086882234,0.001707068298728573,0.011761327323681021,0.03442625822969171,0.02191918353231356,0.029049107350296356,0.03364927935209103,0.05671184062487383,0.0023157017528491128,0.006023109789400637,0.08762036507342831,0.026782918957294347,0.007383584569199491,0.0052324195198422884,0.009746514449902764
0.00941134709093776,0.0028649191751531295,0.052059870031239124,0.005864667037889908,0.009012193236170347,0.006096998957172467,0.028355920312436916,0.0069829072264367825,0.2952275976803372,0.09009298608979285,0.2575791623405955,0.005237751727825823,0.0108609459184614,0.08788773721660267,0.026389859054508115,0.012209994538295537,0.16194067994792719,0.08604431674229515,0.0,0.0,6.855695978829611e-06,0.08908596052490256,0.07754173024055114,0.05653435427342191,0.005615576750659099,6.474823980005744e-05,0.034593841909174215,0.0017459172426086075,0.00011197636765421698,0.03639765169560405,0.020724007200004266,0.028528074455905307,0.08984161057056911,0.04539003958783556,0.04167196713531696,0.04046231766705236,0.015032256049580393,0.002892341959068448,9.445625570831908e-05,0.0846008118667527,0.12607320207468595,0.08077685699856106,0.09029103952918127,0.10686811240599127,0.009090652867928064,0.12224315325451314,0.149621756017968,6.931870378594385e-05,0.00038696595080504913,0.007095645338088648,0.04301111308318168,0.009600259602354399,0.029175556853905882,0.15105231124555046,0.08208934190650811,0.00820779157465434,0.03162075508635511,0.19477336973453985,0.03832181703366223,0.05119376710591365,0.03566485396986693,0.053652676730320537,0.003836142772153991,0.006656119051445904,0.18347822973741923,0.14867033776490599,0.023837254918390557,0.012152863738471957,0.019772588946942244
0.0015196792753072305,4.798987185180728e-05,0.0006680494859370631,0.012929080872074998,0.0645402836886996,0.03502498901184283,0.015301151680750044,0.0010093107968832482,0.012753118008618372,0.0032899723258405654,0.005237751727825823,0.0956598112246025,0.149729923665634,0.008708257381108902,0.0018792224421969612,0.0013490486198341378,0.0035139250611489993,0.007008044778359158,0.0,0.0,0.0,0.007797211559922211,0.002349980232743261,0.0022479065370584646,0.009063991828010393,0.0001523487995295469,0.0007267037737559388,0.0011167167005515788,3.7325455884738996e-05,0.00739044026517832,0.027789182778187003,0.03287001524249739,0.012801107880470178,0.00540685889530362,0.0014762598674413095,0.003632757124782046,0.02727348209177949,0.009114266931855144,0.0001302582235977626,0.0011494716924504314,0.012147531530488422,0.011196113277426402,0.007797211559922211,0.0068366523788884175,0.027278052555765375,0.00903504555609978,0.007780453191973961,0.001747440730603903,0.00014625484754836503,0.0008653411813278264,0.0008805760612807811,0.0008485828133795763,0.010213463520460824,0.010726878974875398,0.0020239538017500307,0.001620991226994379,0.00617012638094665,0.005705462542381532,0.08677939970002521,0.03088643387262269,0.033549490888399175,0.021349399022073057,0.0015242497392931168,0.005847908669941658,0.0024832854323316145,0.00311705643837453,0.0007640292296406777,0.03260340484332069,0.08647927256495201
0.0027438018795271396,9.064753572008041e-05,0.0024055875445715457,0.01343944935049898,0.04981044000618536,0.02600136961570777,0.03301474660205046,0.0011799414523563409,0.023626251831042135,0.006459589100052789,0.0108609459184614,0.149729923665634,0.16039433963270228,0.014068649892556009,0.0032640730299205423,0.0029890834467697102,0.006104616397148944,0.013823368325313438,0.0,0.0,3.046975990590938e-06,0.014958366881808563,0.005157768608072811,0.004378504498479178,0.006480917931986925,0.00016453670349191065,0.0011113844925680447,0.0011959380763069433,3.199324790120485e-05,0.013512576774273163,0.048850642569149214,0.06677524057779806,0.03476142558865672,0.015317148304700646,0.0027217113035953554,0.005844861693951067,0.04646333688052121,0.005538640606896678,7.617439976477346e-05,0.0026264933038893886,0.034099470054700834,0.03237716687601931,0.022453166074664622,0.014002378164760656,0.022759387161719012,0.02050386318468407,0.022177414747516142,0.0006451971660076312,0.0002902244631037869,0.00117689447636575,0.0016560314508861748,0.0028557782471813568,0.023626251831042135,0.018380120919242186,0.004235296626921404,0.0022631414170114195,0.013216258359188195,0.011504619596473734,0.20154984433761408,0.09304855280066607,0.08739641233811987,0.04084318966587623,0.0020376651937076898,0.005180620928002242,0.007072793018159215,0.0055538754868496324,0.001440457899551866,0.057949674621051404,0.1501625942562979
0.06296118838157586,0.001237072252179921,0.027828031722067038,0.002608211447945843,0.005874569709859329,0.004680916865545328,0.013076859207618658,0.020455873312832263,0.05937108892066208,0.017159045291012868,0.08788773721660267,0.008708257381108902,0.014068649892556009,0.2944110081148588,0.05393985421743373,0.02191918353231356,0.09192269517214272,0.040925458017622186,0.0,0.0,5.332207983534142e-06,0.21890008737203653,0.13441125187293806,0.1240423925769571,0.003199324790120485,0.0001081676476659783,0.03351140368851679,0.0010374953247962145,3.96106878776822e-05,0.15193669602681947,0.03796303561077015,0.050692539555461436,0.027211019083972374,0.009966658465222959,0.09424982308495655,0.16402557326948902,0.006094713725179524,0.0013901827957071154,3.199324790120485e-05,0.05358945197851577,0.08087283674226468,0.09917449802974915,0.034869593236322695,0.08811016646391581,0.0043564139225473935,0.16863107747926723,0.12592313850714934,0.00011578508764245565,0.0006116804301111308,0.018004581128401854,0.06563110109333116,0.03333391733706487,0.07188425757002141,0.06019529592611693,0.0795885363622306,0.04308271701896057,0.08114325586142962,0.17421694621401806,0.02939113040524019,0.03765224405972987,0.014877622018057902,0.019911226354514134,0.0019934840418441213,0.0033798581175629983,0.04378733021678472,0.15383191509296704,0.021631244301202716,0.023017618376921595,0.03720738556510359
0.009271947939368225,0.0021229805214442363,0.043127659914821787,0.0008653411813278264,0.0012401192281705118,0.0013741861717565132,0.004057810275469482,0.016659341228555953,0.018299376055491527,0.006981383738441487,0.026389859054508115,0.0018792224421969612,0.0032640730299205423,0.05393985421743373,0.03078969238492143,0.01911215690098166,0.01485172272213788,0.01430707576381975,0.0,0.0,4.570463985886407e-06,0.02764597490662923,0.0195356865636738,0.025043857410664568,0.0014008472116741838,1.7520111945897893e-05,0.012515453881352279,0.00026356342318611617,1.4473135955306956e-05,0.020476440400768754,0.016711901564393648,0.013257392535061172,0.007190101593796966,0.003771394532353934,0.029399509589214314,0.0408203373459468,0.0018236151303686766,0.00027041911916494575,1.9043599941193364e-05,0.021463660621720216,0.03341999440879906,0.03737268401259315,0.013412788310581309,0.02288507492133089,0.001196699820304591,0.03558258561812098,0.03595812540896131,7.617439976477346e-05,0.00029631841508496873,0.011164881773522844,0.022811947497556707,0.0062516329886949575,0.01718113586694465,0.02661000306982831,0.07356314134083702,0.013405170870604832,0.019056549589153374,0.03170454692609636,0.01017461457658079,0.011906820427231738,0.0047037691854747606,0.006028441997384171,0.0006924252938617907,0.0009118075651843383,0.02250191769051408,0.02985427075581001,0.02179882798068522,0.009435722898862488,0.011352270796944187
0.005775542990165123,0.0008447740933913376,0.02618952038312676,0.0005225563823863459,0.0010184517248550211,0.0008592472293466446,0.0032115126940828486,0.008199412390680215,0.012066024922740115,0.004638259201677056,0.012209994538295537,0.0013490486198341378,0.0029890834467697102,0.02191918353231356,0.01911215690098166,0.0099864638091618,0.0058898045898122834,0.008860606180638449,0.0,0.0,3.046975990590938e-06,0.01419586114016318,0.0070118534983473965,0.007428527465060707,0.00032297945500263945,6.855695978829611e-06,0.004344987762582677,0.0001363521755789445,9.140927971772814e-06,0.01140863985277012,0.010816003022600183,0.008692260757158298,0.0042825247547755635,0.0023598829047126817,0.009517229506610795,0.013969623172861803,0.0015227262512978214,0.00018662727942369496,3.0469759905909383e-05,0.008333479334266217,0.01950140808377965,0.02317377589643938,0.008153707750821351,0.012607624905067654,0.0005530261422922553,0.020968527023249188,0.01739366244228837,3.7325455884738996e-05,9.140927971772814e-05,0.00900457579619387,0.00674143437918245,0.004422685650342747,0.00933745792316593,0.017771487465121645,0.02847627586406526,0.006902162362686122,0.012617527577037074,0.011642495260047975,0.007839107479792835,0.00760906079250322,0.0027841743114024697,0.003734830820466842,0.0006154891500993696,0.0005888281101816988,0.01104528796589215,0.009538558338544932,0.0146430048667824,0.00711164196203925,0.007442238857018366
0.010466362527679872,0.000935421629111418,0.02788135380190238,0.003769871044358638,0.004723574529413602,0.003958783555775276,0.014454854099363411,0.004863735424980785,0.10681174335016534,0.03531292824295368,0.16194067994792719,0.0035139250611489993,0.006104616397148944,0.09192269517214272,0.01485172272213788,0.0058898045898122834,0.10399176707087342,0.07447494890602135,0.0,0.0,0.0,0.09888808228663361,0.08206648958657868,0.060658436276686746,0.003130767830332189,5.1036847842398214e-05,0.03134119503921839,0.001044351020775044,5.027510384475048e-05,0.03820069973803624,0.014425907827452797,0.018812029765908452,0.03405224192684668,0.01802210124034775,0.03282050188265029,0.03152629883064679,0.007096407082086295,0.0016712663308391296,3.7325455884738996e-05,0.07137236560360213,0.08041655208767369,0.05187324275181543,0.046762702271596776,0.08082637035840817,0.00418959198706254,0.09614504215110412,0.13107786013923156,5.865428781887556e-05,0.0002559459832096388,0.004841644849049,0.038984534311615755,0.012991543879882113,0.022798236105599046,0.08610754149409991,0.06711726363274188,0.007512319304801958,0.02195270026821006,0.13243909666302808,0.022621511498144772,0.03368889003996871,0.016452146861195772,0.023992650693910694,0.0026440134158352865,0.0049383863367502626,0.12138162079317355,0.15624054961352918,0.011356079516932427,0.008194841926694328,0.011544230284351416
0.005570633854797883,0.002527466584195183,0.02457614659610886,0.003936692979843492,0.0074056751451312755,0.006042915133339478,0.03972418773333171,0.005460180975138961,0.12236960275812267,0.05397413269732788,0.08604431674229515,0.007008044778359158,0.013823368325313438,0.040925458017622186,0.01430707576381975,0.008860606180638449,0.07447494890602135,0.07292632335880352,0.0,0.0,3.046975990590938e-06,0.05582974107559776,0.03299874997809986,0.022230736827351483,0.0038330957961634003,5.408382383298915e-05,0.013425737958541321,0.001159374364419852,6.322475180476196e-05,0.04526663706021662,0.034718767924788445,0.03822431380196332,0.06617346281965635,0.028306406952589815,0.02211418999571138,0.01819349363981849,0.009539320082542579,0.0019988162498276556,9.902671969420549e-05,0.02331088981601597,0.2294540504594459,0.13089199460380552,0.14163410845863386,0.0894774969396935,0.006826749706918997,0.15651249222068941,0.10429646466993252,9.064753572008041e-05,0.0006116804301111308,0.004304615330707348,0.01879984186194609,0.006679733115372984,0.049057075192511755,0.21985150562509856,0.03655380921512184,0.005487603759054279,0.05856287853915783,0.10812879872209827,0.044210859879476865,0.07003855186372095,0.02442151256458637,0.03655152398312889,0.0027110468876282872,0.005310117407602358,0.09608714960728289,0.044900238197348064,0.016689049244464217,0.014735175890497778,0.020614316064342993
0.0,0.0,0.0,0.0,0.0,0.0,0.0,0.0,0.0,0.0,0.0,0.0,0.0,0.0,0.0,0.0,0.0,0.0,0.0,0.0,0.0,0.0,0.0,0.0,0.0,0.0,0.0,0.0,0.0,0.0,0.0,0.0,0.0,0.0,0.0,0.0,0.0,0.0,0.0,0.0,0.0,0.0,0.0,0.0,0.0,0.0,0.0,0.0,0.0,0.0,0.0,0.0,0.0,0.0,0.0,0.0,0.0,0.0,0.0,0.0,0.0,0.0,0.0,0.0,0.0,0.0,0.0,0.0,0.0
0.0,0.0,0.0,0.0,0.0,0.0,0.0,0.0,0.0,0.0,0.0,0.0,0.0,0.0,0.0,0.0,0.0,0.0,0.0,0.0,0.0,0.0,0.0,0.0,0.0,0.0,0.0,0.0,0.0,0.0,0.0,0.0,0.0,0.0,0.0,0.0,0.0,0.0,0.0,0.0,0.0,0.0,0.0,0.0,0.0,0.0,0.0,0.0,0.0,0.0,0.0,0.0,0.0,0.0,0.0,0.0,0.0,0.0,0.0,0.0,0.0,0.0,0.0,0.0,0.0,0.0,7.617439976477345e-07,0.0,0.0
7.617439976477345e-07,1.523487995295469e-06,5.332207983534142e-06,0.0,0.0,0.0,3.046975990590938e-06,7.617439976477345e-07,4.570463985886407e-06,2.2852319929432035e-06,6.855695978829611e-06,0.0,3.046975990590938e-06,5.332207983534142e-06,4.570463985886407e-06,3.046975990590938e-06,0.0,3.046975990590938e-06,0.0,0.0,2.2852319929432035e-05,2.2852319929432035e-06,2.2852319929432035e-06,4.570463985886407e-06,0.0,0.0,7.617439976477345e-07,0.0,0.0,7.617439976477345e-07,2.2852319929432035e-06,7.617439976477345e-07,0.0,7.617439976477345e-07,7.617439976477345e-07,2.2852319929432035e-06,0.0,0.0,0.0,3.046975990590938e-06,6.093951981181876e-06,0.0,1.523487995295469e-06,4.570463985886407e-06,7.617439976477345e-07,4.570463985886407e-06,4.570463985886407e-06,0.0,0.0,2.2852319929432035e-06,2.2852319929432035e-06,1.523487995295469e-06,1.523487995295469e-06,3.808719988238673e-06,8.37918397412508e-06,7.617439976477345e-07,2.2852319929432035e-06,2.2852319929432035e-06,1.523487995295469e-06,2.2852319929432035e-06,7.617439976477345e-07,0.0,0.0,0.0,4.570463985886407e-06,2.2852319929432035e-06,3.808719988238673e-06,2.2852319929432035e-06,0.0
0.02469345517174661,0.0006992809898406203,0.021449949229762556,0.0023149400088514653,0.0045270445780204865,0.0033699554455935777,0.016192392157997892,0.008719683541073617,0.05457971917545783,0.015348379808604203,0.08908596052490256,0.007797211559922211,0.014958366881808563,0.21890008737203653,0.02764597490662923,0.01419586114016318,0.09888808228663361,0.05582974107559776,0.0,0.0,2.2852319929432035e-06,0.15951528705941678,0.09806159004918581,0.08143271858053576,0.001672789818834425,4.646638385651181e-05,0.019598149571480913,0.000550740910299312,3.0469759905909383e-05,0.1345095168486346,0.049852335926055986,0.062354078415450605,0.03312367599371409,0.01211172956259898,0.05284446634881629,0.07675561043497868,0.006103092909153649,0.0008531532773654627,2.8946271910613912e-05,0.03401796344695253,0.13146482609003662,0.18003057640406558,0.049173622024151854,0.10865059336048696,0.0035885759729184772,0.2753285592297854,0.17314136368933947,0.00015311054352719464,0.0005484556783063689,0.009741182241919229,0.036823466590289136,0.033100823673784655,0.08975781873082786,0.0670281395850171,0.05066283153955318,0.018246053975656186,0.09586548210396739,0.1567592972759273,0.051362112529393794,0.07732310971322624,0.015755151103348092,0.02114982209468935,0.0014328404595753887,0.0023202722168349996,0.046289659249057535,0.09032912672906365,0.012115538282587218,0.02807331328930961,0.03949871151002798
0.02373441947870811,0.0009049518692055087,0.025979279039775986,0.0016308938989637997,0.002653916087804707,0.0021054604094983384,0.014560736515036445,0.007155823113902818,0.036288722303940424,0.01260229269708412,0.07754173024055114,0.002349980232743261,0.005157768608072811,0.13441125187293806,0.0195356865636738,0.0070118534983473965,0.08206648958657868,0.03299874997809986,0.0,0.0,2.2852319929432035e-06,0.09806159004918581,0.08502281804144954,0.07232911606464769,0.0015882362350955264,1.9043599941193364e-05,0.03036616272222929,0.0004852309265016069,2.9708015908261647e-05,0.040735022018210255,0.016520703820984067,0.01910910992499107,0.024234885285162676,0.009933903473324106,0.058594871787059036,0.04614949835349035,0.004974950048637354,0.0007594587656547914,3.5040223891795786e-05,0.05504895347800883,0.08186691265919498,0.05627688480221698,0.035929940881048346,0.07290423278287173,0.0033752876535771115,0.10215824926853533,0.09270957672171283,6.931870378594385e-05,0.00022623796730137716,0.006602796971610563,0.05619842517045926,0.014655192770744764,0.02412824112549199,0.051362112529393794,0.0777771091358243,0.0140381801326501,0.0230496116248228,0.1489339011880921,0.029049869094294006,0.04240171788506349,0.01163716305206444,0.01703411927539864,0.0013467633878411947,0.0021793495772701684,0.0430560559790429,0.10430484385390665,0.014749649026453085,0.009521038226599034,0.01057148319935526
0.017043260203370412,0.0008828612932737243,0.02476734433951844,0.0015966154190696516,0.002267711880997306,0.001825138618363972,0.008655697045271207,0.008030305223202418,0.031538486734609156,0.011116891901671038,0.05653435427342191,0.0022479065370584646,0.004378504498479178,0.1240423925769571,0.025043857410664568,0.007428527465060707,0.060658436276686746,0.022230736827351483,0.0,0.0,4.570463985886407e-06,0.08143271858053576,0.07232911606464769,0.04904564903254704,0.0017276353866650619,1.4473135955306956e-05,0.022751769721742535,0.000524841614379289,2.8946271910613912e-05,0.032791555610739674,0.011521377964421984,0.015703352511508048,0.015937207918785903,0.00777740621598337,0.04211758737394089,0.05652597508944779,0.003592384692906716,0.0007388916777183025,1.2187903962363753e-05,0.04525444915625426,0.04654255825627658,0.0372904156608472,0.024744492019589007,0.04756710393311278,0.002823784999280152,0.06733055195208326,0.06061501686882083,1.7520111945897893e-05,0.00022014401532019528,0.008115620550938963,0.03316328668159177,0.008398227574066273,0.019056549589153374,0.03865241392864135,0.06964473021693707,0.012142961066502537,0.01919594874072291,0.1111948183126304,0.017298444442582404,0.02380907039047759,0.008579522645506434,0.01304258072772451,0.0012469749241493413,0.001690309930780323,0.03427467117415982,0.08534503575245453,0.015741439711390436,0.0081034326469766,0.011898441243257613
0.00039686862277446967,3.884894388003446e-05,0.00048827790249219785,0.006235636364744355,0.01592806699081413,0.016094888926298984,0.0034415593813724647,0.0005286503343675278,0.0163919690853816,0.004324420674646189,0.005615576750659099,0.009063991828010393,0.006480917931986925,0.003199324790120485,0.0014008472116741838,0.00032297945500263945,0.003130767830332189,0.0038330957961634003,0.0,0.0,0.0,0.001672789818834425,0.0015882362350955264,0.0017276353866650619,0.022568951162307078,0.00011883206363304659,0.0004814222065133682,0.0010420657887821008,9.445625570831908e-05,0.0017482024746015507,0.002509946472249285,0.0025906913359999453,0.011239532685292323,0.004683963841535919,0.000685569597882961,0.0015158705553189916,0.013835556229275802,0.013242157655108217,8.303009574360306e-05,0.0013079144439611602,0.00351697203713959,0.002539654488157547,0.004228440930942575,0.0024314868404915688,0.022412793642789294,0.0023080843128726355,0.0054525635351624835,0.00017596286345662667,1.7520111945897893e-05,0.0004479054706168679,0.0005111302224216299,0.0001523487995295469,0.0017238266666768233,0.007496322680851356,0.0020384269377053377,0.0003724928148497422,0.0011738475003751588,0.003004318326722665,0.006085572797207751,0.004703007441477113,0.02023420580951677,0.01475117251444838,0.002060517513637122,0.018505046934856415,0.004199494659031961,0.0033387239416900203,0.0006680494859370631,0.0016407965709332201,0.0037904381322951273
1.3711391957659222e-05,0.0,5.332207983534142e-06,2.513755192237524e-05,0.00011807031963539885,0.00014244612756012635,2.8946271910613912e-05,5.332207983534142e-06,0.00017139239947074026,2.9708015908261647e-05,6.474823980005744e-05,0.0001523487995295469,0.00016453670349191065,0.0001081676476659783,1.7520111945897893e-05,6.855695978829611e-06,5.1036847842398214e-05,5.408382383298915e-05,0.0,0.0,0.0,4.646638385651181e-05,1.9043599941193364e-05,1.4473135955306956e-05,0.00011883206363304659,0.00012644950360952392,7.617439976477346e-06,3.656371188709126e-05,1.523487995295469e-06,7.236567977653477e-05,6.703347179300064e-05,7.388916777183025e-05,8.683881573184173e-05,4.037243187532993e-05,9.90267196942055e-06,3.0469759905909383e-05,0.00011121462365656924,6.246300780711424e-05,3.046975990590938e-06,9.90267196942055e-06,7.008044778359157e-05,5.713079982358009e-05,5.484556783063689e-05,4.18959198706254e-05,0.00010512067167538737,6.779521579064837e-05,5.865428781887556e-05,4.570463985886407e-06,0.0,6.855695978829611e-06,3.808719988238673e-06,8.37918397412508e-06,8.15066077483076e-05,0.00012721124760717168,1.1426159964716017e-05,2.2090575931784302e-05,4.2657663868273134e-05,5.636905582593235e-05,5.636905582593235e-05,5.636905582593235e-05,0.00013559043158129674,0.0001058824156730351,7.388916777183025e-05,0.00019881518338605873,1.5996623950602425e-05,2.1328831934136567e-05,3.808719988238673e-06,7.084219178123931e-05,7.160393577888705e-05
0.0037767267403374678,0.0007670762056312686,0.02546967230534965,0.0006985192458429726,0.0009575122050432024,0.0006558615819746994,0.003618283988826739,0.003570294116974932,0.015506060816117283,0.00584714692594401,0.034593841909174215,0.0007267037737559388,0.0011113844925680447,0.03351140368851679,0.012515453881352279,0.004344987762582677,0.03134119503921839,0.013425737958541321,0.0,0.0,7.617439976477345e-07,0.019598149571480913,0.03036616272222929,0.022751769721742535,0.0004814222065133682,7.617439976477346e-06,0.01521507460901585,0.0002429963352496273,1.5996623950602425e-05,0.007043846746248601,0.0040189613315894475,0.004875923328943149,0.007045370234243896,0.0037378777964574336,0.023158541016486425,0.01919290176473232,0.0013041057239729216,0.0003046975990590938,4.570463985886407e-06,0.032826595834631475,0.021914613068327676,0.014109022324431338,0.011891585547278784,0.018212537239759685,0.00115328041243867,0.02184529436454173,0.03567932710582224,1.1426159964716017e-05,5.9416031816523295e-05,0.0039039379879446394,0.017549819961806157,0.0021115543614795202,0.004948289008719684,0.019544065747647926,0.0543192027282623,0.0045285680660157816,0.00550436212700253,0.04321602221854892,0.0059591232935982275,0.00836547258216742,0.00363808933276558,0.0057983953100945555,0.0005134154544145731,0.0009346598851137703,0.023972083605974207,0.0531415465078989,0.010694885726974192,0.0029342378789390736,0.00345984123731601
9.902671969420549e-05,6.855695978829611e-06,0.0001584427515107288,0.0005568348622804939,0.0009392303490996567,0.0009209484931561111,0.0005362677743440051,8.37918397412508e-05,0.004431064834316872,0.0008683881573184174,0.0017459172426086075,0.0011167167005515788,0.0011959380763069433,0.0010374953247962145,0.00026356342318611617,0.0001363521755789445,0.001044351020775044,0.001159374364419852,0.0,0.0,0.0,0.000550740910299312,0.0004852309265016069,0.000524841614379289,0.0010420657887821008,3.656371188709126e-05,0.0002429963352496273,0.0030332645986332787,0.00020186215937664965,0.0005591200942734371,0.000912569309181986,0.000777740621598337,0.0027247582795859463,0.0009712235970008615,0.00022395273530843396,0.0005263651023745846,0.0015859510031025832,0.0005895898541793466,0.00037096932685444674,0.00040524780674859476,0.0013147701399399898,0.0007967842215395304,0.0012812534040434894,0.0007008044778359158,0.0016377495949426292,0.0009628444130267364,0.0017466789866062552,3.0469759905909383e-05,4.570463985886407e-06,0.00016453670349191065,0.0001698689114754448,6.39864958024097e-05,0.0007228950537677001,0.002131359705418361,0.0006718582059253019,0.00012111729562598979,0.0004890396464898455,0.0009933141729326458,0.0011289046045139426,0.0009689383650079183,0.002478714968345728,0.0025236578642069446,0.002060517513637122,0.0022341951451008055,0.0010854851966480216,0.0010268309088291461,0.00018358030343310403,0.0005164624304051641,0.0009537034850549636
8.37918397412508e-06,0.0,2.2852319929432035e-05,9.902671969420549e-05,6.779521579064837e-05,7.998311975301212e-05,5.636905582593235e-05,0.0,0.00024223459125197958,6.62717277953529e-05,0.00011197636765421698,3.7325455884738996e-05,3.199324790120485e-05,3.96106878776822e-05,1.4473135955306956e-05,9.140927971772814e-06,5.027510384475048e-05,6.322475180476196e-05,0.0,0.0,0.0,3.0469759905909383e-05,2.9708015908261647e-05,2.8946271910613912e-05,9.445625570831908e-05,1.523487995295469e-06,1.5996623950602425e-05,0.00020186215937664965,0.0001386374075718877,3.123150390355712e-05,8.226835174595533e-05,6.474823980005744e-05,0.0003168855030214576,0.00017748635145192214,5.332207983534142e-06,1.675836794825016e-05,0.00017748635145192214,9.217102371537588e-05,3.275499189885258e-05,2.7422783915318444e-05,5.713079982358009e-05,7.160393577888705e-05,0.00010969113566127378,2.8184527912966176e-05,0.00020110041537900193,0.00010055020768950096,0.00010055020768950096,1.523487995295469e-06,0.0,4.2657663868273134e-05,6.855695978829611e-06,6.855695978829611e-06,3.5801967889443525e-05,0.00017596286345662667,3.5040223891795786e-05,7.617439976477346e-06,2.9708015908261647e-05,5.1798591840045946e-05,0.00014854007954130823,7.388916777183025e-05,0.0003305968949791168,0.00033669084696029867,0.00014396961555542182,0.00032678817499087813,5.1036847842398214e-05,5.636905582593235e-05,9.140927971772814e-06,2.8184527912966176e-05,7.160393577888705e-05
