0,1,2,3,4,5,6,7,8,9,10,11,12,13,14,15,16,17,18,19,20,21,22,23,24,25,26,27,28,29,30,31,32,33,34,35,36,37,38,39,40,41,42,43,44,45,46,47,48,49,50,51,52,53,54,55,56,57,58,59,60,61,62,63,64,65,66,67,68
0.11254722474237971,0.0007786158241817763,0.005763449742041192,1.5233787864426058e-05,5.416457907351487e-05,4.23160774011835e-05,0.001015585857628404,0.018876355807119934,0.0032397188858346083,0.0004163902016276456,0.015750044008720498,0.00013371880458773984,0.00022004360248615418,0.24906735365407792,0.023184132486560413,0.0053335183956451674,0.011501509837641675,0.00480372110658235,0.0,0.0,0.0,0.027307411068531733,0.08169034110143672,0.03173536540779157,3.3852861920946795e-06,0.0,0.010667036791290335,0.0,0.0,0.022390282874514212,0.0008564774065999539,0.00348684477785752,0.0006736719522268412,0.0007278365313003562,0.04031875854784764,0.09858291919998917,9.648065647469837e-05,8.4632154802367e-06,0.0,0.006345718967081477,0.0025135749976302997,0.0029164240544895664,0.001553846362171458,0.0063406410377933355,3.7238148113041476e-05,0.02178770193232136,0.007764153881569148,0.0,0.0,0.006254316239894921,0.006514983276686211,0.040823166190469745,0.0032312556703543716,0.0015724654362279788,0.012166718574388278,0.07822719332692386,0.017227721431569826,0.027913377296916682,0.0003452991915936573,0.0006313558748256578,0.0003131389727687579,0.00035884033636203607,0.0,0.0,0.004622608295305285,0.022119459979146636,0.0035782475050440765,0.0002386626765426749,0.0010494387195493506
0.0007786158241817763,0.003547779929315224,0.025543676962450405,1.5233787864426058e-05,3.2160218824899455e-05,5.077929288142019e-06,7.278365313003561e-05,0.0026625275900824656,0.0012762528944196942,0.0008107760430066758,0.005138864439599724,6.770572384189359e-06,8.4632154802367e-06,0.002281682893471814,0.008646020934609812,0.0027420818155966904,0.0010189711438204985,0.00018957602675730205,0.0,0.0,1.5233787864426058e-05,0.0004451651342604504,0.0017197253855840973,0.0007836937534699183,0.0,0.0,0.00631863667754472,0.0,0.0,0.0006753645953228886,6.770572384189359e-06,4.908664978537286e-05,0.00012187030291540847,0.0006042735852889004,0.001040975504069114,0.0024814147788054003,2.7082289536757436e-05,5.077929288142019e-06,0.0,0.0041283565112594615,0.00011171444433912444,3.7238148113041476e-05,5.2471935977467534e-05,0.00020142452842963345,1.69264309604734e-05,0.0004637842083169711,0.0003774594104185568,0.0,0.0,0.002330769543257187,0.0004671694945090658,0.0010020447128600252,7.109101003398828e-05,0.00021835095939010685,0.008801744099446167,0.0039573995585586805,0.0007701526087015397,0.0008987934840011375,8.4632154802367e-06,1.3541144768378718e-05,0.00010494387195493507,0.0003232948313450419,0.0,3.3852861920946795e-06,0.00570759251987163,0.002122574442443364,0.002764086175845306,1.1848501672331378e-05,1.5233787864426058e-05
0.005763449742041192,0.025543676962450405,0.25206840986336987,0.0007904643258541077,0.00019634659914149143,3.38528619209468e-05,0.0022444447453587725,0.021745385854920175,0.02356159189697897,0.016262914866822843,0.08871650259312923,3.8930791209088815e-05,0.00011340708743517177,0.030711316334682933,0.1060000812468686,0.03892909856599277,0.0224935341033731,0.0045752142886159594,0.0,0.0,6.601308074584625e-05,0.008317648173976629,0.03049296537529283,0.018493818467413235,8.632479789841433e-05,0.0,0.11526899484082384,0.0,0.0,0.004668309658898563,0.0002335847472545329,0.0010240490731086406,0.003935395198310065,0.019512789611233733,0.022144849625587347,0.021037861040772387,0.0013693482647022979,0.0003656109087462254,0.0,0.09574097144172568,0.003458069845224715,0.0021682758060366423,0.0027623935327492585,0.00525565681322699,0.0006855204538991726,0.008454752264756463,0.007625357147693266,0.0,1.6926430960473398e-06,0.012754065728716705,0.01676732250944495,0.006489593630245501,0.0012525558910750315,0.0043043913932483855,0.21969830329456053,0.022173624558220154,0.0036578017305583014,0.01789800809760457,0.00035884033636203607,0.0006364338041137998,0.003674728161518775,0.008916843829977386,1.6926430960473398e-06,2.7082289536757436e-05,0.11413661660956817,0.059406694741973486,0.05641410174816179,0.00010663651505098241,0.00025728175059919564
1.5233787864426058e-05,1.5233787864426058e-05,0.0007904643258541077,0.026456011591219922,0.023871345583555633,0.004656461157226232,0.02192819130929329,1.8619074056520738e-05,0.0038321439694511774,0.0013507291906457771,0.00224613738845482,0.009333234031605032,0.011850194315427427,0.00020142452842963345,0.00010155858576284039,2.5389646440710098e-05,0.000612736800769137,0.0012830234668038836,0.0,0.0,0.0,0.0002081951008138228,0.0004163902016276456,0.00021327303010196483,0.0030619913607496376,3.8930791209088815e-05,0.0008023128275264391,0.0,0.0,0.00013710409077983453,0.0006364338041137998,0.0031093853674389635,0.009835949031131093,0.010682270579154761,0.0002843640401359531,8.801744099446167e-05,0.033326449918076075,0.002897804980433046,0.0,0.0005738060095600482,0.001638478516973825,0.0010579019350295874,0.0036239488686373544,0.00043500927568416634,0.03359388752725155,0.0009241831304418475,0.0007092174572438354,1.69264309604734e-05,0.0,6.770572384189359e-06,7.109101003398828e-05,0.00011848501672331379,0.0007193733158201194,0.0023730856206583707,0.0003774594104185568,1.5233787864426058e-05,0.0002860566832320004,0.0007058321710517407,0.0027336186001164537,0.0013879673387588187,0.042324540616663735,0.024568714539127137,7.61689393221303e-05,0.0015826212948042628,0.0042976208208641955,0.0005822692250402849,5.0779292881420196e-05,0.0006059662283849477,0.0029113461252014247
5.416457907351487e-05,3.2160218824899455e-05,0.00019634659914149143,0.023871345583555633,0.2607144307979797,0.0887909788893553,0.09254695391948435,1.3541144768378718e-05,0.006731641592980271,0.0013219542580129725,0.003315887825156739,0.15780003791520536,0.08096588985632845,0.0005873471543284269,6.432043764979891e-05,2.8774932632804778e-05,0.0008547847635039066,0.003192324879145283,0.0,0.0,1.6926430960473398e-06,0.0003774594104185568,0.0005314899321588648,0.00019465395604544407,0.011059729989573318,0.00026066703679129035,0.00034360654849761,0.0,0.0,0.0007193733158201194,0.002584666007664288,0.008816977887310593,0.01655574212243903,0.006531909707646684,7.109101003398828e-05,0.00012187030291540847,0.03911528930655798,0.015998862543839455,0.0,0.00031652425896085254,0.0024611030616528322,0.002191972809381305,0.013688404717734838,0.0013591924061260138,0.05864162006256009,0.002359544475889992,0.0018957602675730206,0.00014725994935611857,0.0,5.077929288142019e-06,7.786158241817763e-05,0.00021327303010196483,0.0015013744261939905,0.004302698750152338,0.0001861907405652074,4.739400668932551e-05,0.0013185689718208777,0.0015707727931319315,0.00983087110184295,0.005169332015328576,0.028382239434521794,0.02125790464325854,0.0003012904710964265,0.006120597435307181,0.0026760687348508444,0.0004773253530853498,4.908664978537286e-05,0.0027962463946702054,0.014162344784628092
4.23160774011835e-05,5.077929288142019e-06,3.38528619209468e-05,0.004656461157226232,0.0887909788893553,0.10844425787756097,0.01853613454481442,3.3852861920946795e-06,0.0022021286679575892,0.00048071063927744454,0.0010189711438204985,0.0618170185107449,0.01719217592655283,0.00024374060583081693,2.7082289536757436e-05,1.6926430960473398e-06,0.0003317580468252786,0.000876789123752522,0.0,0.0,0.0,0.00013033351839564518,0.00017942016818101804,4.908664978537286e-05,0.017718587929423553,0.0005196414304865333,0.0001489525924521659,0.0,0.0,0.00035376240707389405,0.0008835596961367114,0.0033548186163658276,0.003933702555214018,0.002031171715256808,2.2004360248615418e-05,6.939836693794093e-05,0.00885760132161573,0.013874595458300045,0.0,0.0001404893769719292,0.0006415117334019418,0.0005162561442944387,0.0021327303010196482,0.0003994637706671722,0.019169183062736125,0.0004908664978537286,0.0005754986526560955,8.971008409050902e-05,3.3852861920946795e-06,1.6926430960473398e-06,1.8619074056520738e-05,9.986594266679305e-05,0.0005501090062153854,0.0008784817668485694,6.262779455375158e-05,3.0467575728852116e-05,0.0004959444271418706,0.00048748121166163386,0.0021987433817654946,0.0014252054868718602,0.007039702636460887,0.005160868799848339,0.00039438584137903017,0.007153109723896058,0.001633400587685683,0.00020650245771777545,1.5233787864426058e-05,0.0009089493425774214,0.005172717301520671
0.001015585857628404,7.278365313003561e-05,0.0022444447453587725,0.02192819130929329,0.09254695391948435,0.01853613454481442,0.7095085918563555,0.00031990954515294726,0.06740274072770112,0.010118620428170997,0.02808602689271351,0.03158133488605127,0.08551232921231161,0.010184633508916845,0.0006889057400912673,0.0001320261614916925,0.009231675445842191,0.03154748202413032,0.0,0.0,0.0,0.006494671559533643,0.008393817113298759,0.003266801175371366,0.0031263117983994365,6.432043764979891e-05,0.0031296970845915316,0.0,0.0,0.010450378474996276,0.02576372056493656,0.09790755460466628,0.14506289861744912,0.06694741973486439,0.002469566277133069,0.002838562472071389,0.0633759428022045,0.0046835434467629895,0.0,0.004448266056412409,0.03831128383593549,0.02965849232894149,0.15265948083250958,0.016726699075139812,0.030709623691586887,0.029079608390093298,0.021020934609811914,0.00010663651505098241,7.61689393221303e-05,0.0001320261614916925,0.001000352069763978,0.004343322184457474,0.02505111782150063,0.05340796760958171,0.0032600306029871764,0.0008090833999106284,0.019390919308318325,0.017119392273422795,0.07213537082424948,0.07093697951224796,0.0769306287153516,0.11659264174193286,9.478801337865103e-05,0.0015352272881149372,0.019155641917967745,0.007672751154382591,0.00038761526899484084,0.023322929220436297,0.06429674064645426
0.018876355807119934,0.0026625275900824656,0.021745385854920175,1.8619074056520738e-05,1.3541144768378718e-05,3.3852861920946795e-06,0.00031990954515294726,0.07105377188587524,0.002000704139527956,0.0004451651342604504,0.007252975666562851,1.69264309604734e-05,4.739400668932551e-05,0.04016980595539547,0.08437995098105594,0.014961272325962437,0.0032431041720267033,0.0015623095776516947,0.0,0.0,3.554550501699414e-05,0.005900553832821027,0.014661674497962058,0.012588186705304066,1.1848501672331378e-05,0.0,0.01345143468428821,0.0,0.0,0.006247545667510732,0.0001523378786442606,0.0011831575241370905,0.0002335847472545329,0.0006736719522268412,0.03809970344892957,0.08332881961841054,4.4008720497230836e-05,8.4632154802367e-06,0.0,0.0058243848934988966,0.0009309537028260369,0.0006415117334019418,0.00044685777735649774,0.0018517515470757898,1.1848501672331378e-05,0.005604341291012742,0.0020260937859686657,0.0,1.6926430960473398e-06,0.017662730707253993,0.007186962585817005,0.007122642148167206,0.0011865428103291853,0.0006499749488821784,0.07577286083765522,0.0968784276022695,0.003315887825156739,0.006900905902585005,8.971008409050902e-05,0.00013879673387588186,8.971008409050902e-05,0.00025728175059919564,0.0,0.0,0.003849070400411651,0.00797911955476716,0.01610549905889044,7.447629622608295e-05,0.0003368359761134206
0.0032397188858346083,0.0012762528944196942,0.02356159189697897,0.0038321439694511774,0.006731641592980271,0.0022021286679575892,0.06740274072770112,0.002000704139527956,0.40744289022193936,0.09240138661322428,0.2497071727443838,0.003053528145269401,0.007144646508415822,0.02318074720036832,0.007188655228913052,0.0026828393072350337,0.05063711086135222,0.13161484921935301,0.0,0.0,0.0,0.017139703990575364,0.022210862706333195,0.010037373559560725,0.001061287221221682,1.0155858576284038e-05,0.022178702487508296,0.0,0.0,0.021703069777518992,0.006560684640279489,0.02673699034516378,0.09834087123725439,0.10581219786320735,0.0074814824845292425,0.007298677030156129,0.009529580630746524,0.002410323768771412,0.0,0.027754268845888233,0.10375394385841379,0.07213029289496134,0.08421237931454725,0.04256151065011036,0.005905631762109169,0.07955253287112893,0.0684606426627307,1.0155858576284038e-05,3.0467575728852116e-05,0.0004925591409497759,0.004524434995734539,0.007723530447264012,0.0283788541483297,0.12878813524895394,0.018976221749786727,0.002505111782150063,0.03447744722338827,0.051913363755771914,0.008561388779807446,0.017986025538599033,0.0215388833972024,0.0444471150591071,2.8774932632804778e-05,0.0005534942924074801,0.15464833647036522,0.037925361210036694,0.0033209657544448806,0.0032397188858346083,0.007361304824709881
0.0004163902016276456,0.0008107760430066758,0.016262914866822843,0.0013507291906457771,0.0013219542580129725,0.00048071063927744454,0.010118620428170997,0.0004451651342604504,0.09240138661322428,0.02976005091470433,0.05210463242562526,0.00046886213760511313,0.0016570975910303457,0.003932009912117971,0.0033057319665804547,0.000936031632114179,0.008815285244214545,0.021330688296388577,0.0,0.0,0.0,0.0025575837181275305,0.004179135804140882,0.0019753144930872457,0.00036899619493832006,1.6926430960473398e-06,0.011601375780308468,0.0,0.0,0.0032752643908516028,0.001046053433357256,0.004429646982355888,0.01715493777843979,0.03471780254302699,0.0022156698127259677,0.0015199935002505112,0.003617178296253165,0.0016926430960473398,0.0,0.014473791114300803,0.020416661024523015,0.013304174734932091,0.018544597760294657,0.006792576744437975,0.002684531950331081,0.014270673942775123,0.01086169074733578,1.1848501672331378e-05,5.077929288142019e-06,0.000348684477785752,0.0012914866822841204,0.0016215520860133517,0.005091470432910398,0.045366220260260805,0.011151132716759875,0.00048240328237349184,0.0057888393884819025,0.009886728324012512,0.002037942287640997,0.0025169602838223944,0.007948651979038308,0.015662026567726035,6.770572384189359e-06,0.0003402212623055153,0.05665276442470447,0.008275332096575444,0.0019837777085674824,0.0005721133664640008,0.001294871968476215
0.015750044008720498,0.005138864439599724,0.08871650259312923,0.00224613738845482,0.003315887825156739,0.0010189711438204985,0.02808602689271351,0.007252975666562851,0.2497071727443838,0.05210463242562526,0.8397134693767011,0.001000352069763978,0.0038575336158918876,0.1088674186515728,0.02372070034800742,0.005578951644572032,0.3383018050345976,0.10713923005050847,0.0,0.0,1.6926430960473398e-06,0.08683428347032458,0.12972416688106814,0.047482024130319975,0.00044685777735649774,1.3541144768378718e-05,0.07702203144253815,0.0,0.0,0.05993310674484421,0.002919809340681661,0.013590231418164091,0.03489722271120801,0.05314391528659833,0.038150482741810994,0.034055979092472474,0.005587414860052269,0.0015403052174030793,0.0,0.1371176319246029,0.048788744600468524,0.027070441035085106,0.03801676393722325,0.08609629108044795,0.00380506167991442,0.1516946742677626,0.11908759766550664,1.1848501672331378e-05,2.3697003344662756e-05,0.0028165581118227735,0.023069032756029194,0.0433959836964617,0.01238168424758629,0.05417304228899511,0.07391264607509919,0.01263050278270525,0.022750815853972296,0.27079412043494155,0.0040572655012254735,0.008757735378948936,0.012881013960920257,0.027928611084781108,1.5233787864426058e-05,0.0002471258920229116,0.3483577976682149,0.20984034990318082,0.009495727768825577,0.0012542485341710788,0.0037424338853606683
0.00013371880458773984,6.770572384189359e-06,3.8930791209088815e-05,0.009333234031605032,0.15780003791520536,0.0618170185107449,0.03158133488605127,1.69264309604734e-05,0.003053528145269401,0.00046886213760511313,0.001000352069763978,0.312857994014814,0.1546195615377324,0.0009038714132892795,4.908664978537286e-05,5.077929288142019e-06,0.0003368359761134206,0.001868677978036263,0.0,0.0,0.0,0.0006313558748256578,0.0005433384338311961,0.00014387466316402388,0.004468577773564977,0.000169264309604734,0.00011848501672331379,0.0,0.0,0.0028808785494725724,0.007422239976167585,0.02601761702934366,0.005223496594402091,0.0029282725561618978,0.00013371880458773984,0.0002979051849043318,0.015159311568199975,0.009253679806090808,0.0,7.278365313003561e-05,0.002107340654578938,0.002290146108952051,0.004328088396593048,0.0009428022044983683,0.03200957358935124,0.0032092513101057564,0.0008632479789841434,0.000692291026283362,1.0155858576284038e-05,6.770572384189359e-06,6.093515145770423e-05,0.0005941177267126163,0.0035985592221966446,0.0018111281127706537,8.632479789841433e-05,0.00011509973053121911,0.0026862245934271283,0.000787079039662013,0.012894555105688635,0.004829110753023061,0.011680930005822692,0.0072005037305853834,0.00017603488198892334,0.002022708499776571,0.000986810924995599,0.0002081951008138228,2.7082289536757436e-05,0.01357161234410757,0.07818318460642663
0.00022004360248615418,8.4632154802367e-06,0.00011340708743517177,0.011850194315427427,0.08096588985632845,0.01719217592655283,0.08551232921231161,4.739400668932551e-05,0.007144646508415822,0.0016570975910303457,0.0038575336158918876,0.1546195615377324,0.29139189427074164,0.0017671193922734229,9.817329957074572e-05,0.00010494387195493507,0.0009681918509390784,0.004356863329225853,0.0,0.0,0.0,0.0013625776923181087,0.0015403052174030793,0.00032160218824899456,0.0017298812441603813,0.00011848501672331379,0.0003097536865766632,0.0,0.0,0.0038270660401630353,0.010868461319719969,0.04547454941840783,0.01376288101396092,0.010208330512261507,0.0005314899321588648,0.0010680577936058714,0.023683462199894378,0.003148316158648052,0.0,0.0005450310769272434,0.004878197402808433,0.006012268277160151,0.014592276131024116,0.002017630570488429,0.023253530853498353,0.0047140110224918414,0.002230903600590394,0.0010122005714363093,5.585722216956222e-05,2.5389646440710098e-05,0.00020311717152568078,0.0016621755203184876,0.007161572939376295,0.004399179406627036,0.0003368359761134206,0.00028267139703990575,0.006704559303443513,0.0019329984156860622,0.03952998686508957,0.010985253693347236,0.021293450148275536,0.014632899565329253,8.293951170631965e-05,0.001340573332069493,0.0020193232135844764,0.00048578856856558656,3.8930791209088815e-05,0.02153719075410635,0.1570400411650801
0.24906735365407792,0.002281682893471814,0.030711316334682933,0.00020142452842963345,0.0005873471543284269,0.00024374060583081693,0.010184633508916845,0.04016980595539547,0.02318074720036832,0.003932009912117971,0.1088674186515728,0.0009038714132892795,0.0017671193922734229,1.0,0.062480534604395455,0.011836653170659047,0.08031083697815813,0.03214837032322713,0.0,0.0,1.0155858576284038e-05,0.15105993310674484,0.42944894311365084,0.181815258161925,6.601308074584625e-05,0.0,0.06832353857195088,0.0,0.0,0.14092607889070943,0.003913390838061449,0.022038213110536366,0.004658153800322279,0.0053758344730463516,0.16821825617137673,0.30842326910317,0.0005958103698086636,0.00013879673387588186,0.0,0.061094259908732684,0.01670808000108329,0.018839117659006893,0.012434156183563758,0.0436177199420439,0.0002843640401359531,0.11646569350972931,0.0497890966702325,6.770572384189359e-06,2.8774932632804778e-05,0.015030670692900377,0.05260226949586318,0.14679447250470554,0.024692277485138595,0.015069601484109466,0.08382984197484056,0.1661684653820634,0.05001760348819889,0.21700023019946107,0.0028571815461279097,0.004781716746333735,0.0013219542580129725,0.003048450215981259,1.6926430960473398e-06,5.2471935977467534e-05,0.03401874094435944,0.1888380343674254,0.013392192175926554,0.0022715270348955302,0.007044780565749029
0.023184132486560413,0.008646020934609812,0.1060000812468686,0.00010155858576284039,6.432043764979891e-05,2.7082289536757436e-05,0.0006889057400912673,0.08437995098105594,0.007188655228913052,0.0033057319665804547,0.02372070034800742,4.908664978537286e-05,9.817329957074572e-05,0.062480534604395455,0.2383647713577706,0.052796923451908624,0.007362997467805928,0.003138160300071768,0.0,0.0,9.30953702826037e-05,0.010733049872036183,0.01867662392178635,0.016144429850099527,1.5233787864426058e-05,0.0,0.03803030508199163,0.0,0.0,0.010342049316849247,0.00039269319828298286,0.002464488347844927,0.0007633820363173502,0.003730585383688337,0.04296266706387358,0.0766733469647524,0.00015064523554821324,2.0311717152568076e-05,0.0,0.020980311175506777,0.0015115302847702745,0.002351081260409755,0.0014776774228493278,0.0033598965456539697,7.109101003398828e-05,0.013090901704830127,0.003737355956072526,0.0,1.6926430960473398e-06,0.028419477582634835,0.015205012931793254,0.01828562336659941,0.0034055979092472476,0.0014438245609283808,0.15853803030508198,0.0960202575525735,0.014094639060786198,0.010482538693821175,0.00020650245771777545,0.0002471258920229116,0.0006516675919782259,0.0015453831466912212,0.0,1.6926430960473398e-06,0.021867256157835583,0.018627537272000973,0.052064008991320125,0.00025728175059919564,0.0009157199149616109
0.0053335183956451674,0.0027420818155966904,0.03892909856599277,2.5389646440710098e-05,2.8774932632804778e-05,1.6926430960473398e-06,0.0001320261614916925,0.014961272325962437,0.0026828393072350337,0.000936031632114179,0.005578951644572032,5.077929288142019e-06,0.00010494387195493507,0.011836653170659047,0.052796923451908624,0.01357161234410757,0.0014962964969058483,0.000443472491164403,0.0,0.0,0.0002674376091754797,0.0020904142236184645,0.003366667118038159,0.002422172270443743,3.7238148113041476e-05,0.0,0.008400587685682947,0.0,0.0,0.0036137930100610706,8.801744099446167e-05,0.0004163902016276456,0.00018788338366125472,0.0012424000324987475,0.00453628349740687,0.014162344784628092,4.23160774011835e-05,8.4632154802367e-06,0.0,0.005826077536594944,0.00019634659914149143,0.0003012904710964265,0.00018449809746916003,0.00048578856856558656,1.5233787864426058e-05,0.0019770071361832928,0.0007142953865319774,0.0,0.0,0.007879253612100366,0.0015403052174030793,0.005022072065972457,0.0005145635011983913,0.0003960784844750775,0.018847580874487128,0.020154301344635677,0.0032718791046595077,0.0017806605370418015,3.0467575728852116e-05,3.8930791209088815e-05,0.0002657449660794324,0.0004671694945090658,0.0,3.3852861920946795e-06,0.007276672669907514,0.003373437690422348,0.01061964278460101,7.61689393221303e-05,0.00017264959579682865
0.011501509837641675,0.0010189711438204985,0.0224935341033731,0.000612736800769137,0.0008547847635039066,0.0003317580468252786,0.009231675445842191,0.0032431041720267033,0.05063711086135222,0.008815285244214545,0.3383018050345976,0.0003368359761134206,0.0009681918509390784,0.08031083697815813,0.007362997467805928,0.0014962964969058483,0.14780836571923792,0.04291358041408821,0.0,0.0,0.0,0.06151234275345638,0.09799895733185283,0.035916193855028505,0.00011340708743517177,1.6926430960473398e-06,0.03088058064428767,0.0,0.0,0.0287935517068613,0.000956343349266747,0.005768527671329334,0.007459478124280627,0.009800403526114098,0.02202805725196008,0.021330688296388577,0.0016841798805671032,0.0003656109087462254,0.0,0.0668120082871806,0.013918604178797275,0.007845400750179421,0.012016073338840066,0.040210429389700604,0.0007803084672778237,0.05871948164497827,0.07038179257674444,3.3852861920946795e-06,1.6926430960473398e-06,0.0010071226421481672,0.013913526249509133,0.03442836057360289,0.004389023548050752,0.015414900675703124,0.026505098241005293,0.00883221167517502,0.0103081964549283,0.14002728540670828,0.0016046256550528782,0.0025017264959579684,0.003632412084117591,0.0060258094219285295,1.6926430960473398e-06,4.23160774011835e-05,0.10171938685696488,0.12294174599520644,0.0029079608390093297,0.0005924250836165689,0.0014725994935611856
0.00480372110658235,0.00018957602675730205,0.0045752142886159594,0.0012830234668038836,0.003192324879145283,0.000876789123752522,0.03154748202413032,0.0015623095776516947,0.13161484921935301,0.021330688296388577,0.10713923005050847,0.001868677978036263,0.004356863329225853,0.03214837032322713,0.003138160300071768,0.000443472491164403,0.04291358041408821,0.10639615973134368,0.0,0.0,0.0,0.031650733252989206,0.03478212298067679,0.01128146623515552,0.000253896464407101,1.6926430960473398e-06,0.009138580075559588,0.0,0.0,0.03828250890330268,0.003806754323010467,0.01897452910669068,0.02396951888312638,0.023019946106243822,0.009153813863424013,0.009878265108532276,0.0035376240707389404,0.00029451989871223715,0.0,0.01268805264797086,0.06517522241330283,0.047790085173800595,0.04576229874473588,0.06966072661782827,0.001633400587685683,0.1531215723977305,0.07979458083386369,1.6926430960473398e-06,1.0155858576284038e-05,0.00031652425896085254,0.003835529255643272,0.016335698519952875,0.01801480047123184,0.0649027068748392,0.009851182818995517,0.004675080231282752,0.037310931766171514,0.08896193584205608,0.0040234126393045265,0.009675147937006594,0.008258405665614971,0.012234424298230172,5.077929288142019e-06,0.00013371880458773984,0.07715405760402984,0.024170943411556012,0.001579236008612168,0.0024543324892686426,0.005644964725317878
0.0,0.0,0.0,0.0,0.0,0.0,0.0,0.0,0.0,0.0,0.0,0.0,0.0,0.0,0.0,0.0,0.0,0.0,0.0,0.0,0.0,0.0,0.0,0.0,0.0,0.0,0.0,0.0,0.0,0.0,0.0,0.0,0.0,0.0,0.0,0.0,0.0,0.0,0.0,0.0,0.0,0.0,0.0,0.0,0.0,0.0,0.0,0.0,0.0,0.0,0.0,0.0,0.0,0.0,0.0,0.0,0.0,0.0,0.0,0.0,0.0,0.0,0.0,0.0,0.0,0.0,0.0,0.0,0.0
0.0,0.0,0.0,0.0,0.0,0.0,0.0,0.0,0.0,0.0,0.0,0.0,0.0,0.0,0.0,0.0,0.0,0.0,0.0,0.0,0.0,0.0,0.0,0.0,0.0,0.0,0.0,0.0,0.0,0.0,0.0,0.0,0.0,0.0,0.0,0.0,0.0,0.0,0.0,0.0,0.0,0.0,0.0,0.0,0.0,0.0,0.0,0.0,0.0,0.0,0.0,0.0,0.0,0.0,0.0,0.0,0.0,0.0,0.0,0.0,0.0,0.0,0.0,0.0,0.0,0.0,0.0,0.0,0.0
0.0,1.5233787864426058e-05,6.601308074584625e-05,0.0,1.6926430960473398e-06,0.0,0.0,3.554550501699414e-05,0.0,0.0,1.6926430960473398e-06,0.0,0.0,1.0155858576284038e-05,9.30953702826037e-05,0.0002674376091754797,0.0,0.0,0.0,0.0,0.10018077428265786,1.6926430960473398e-06,0.0,0.0,0.0,0.0,0.0,0.0,0.0,1.6926430960473398e-06,0.0,0.0,0.0,0.0,0.0,8.4632154802367e-06,0.0,0.0,0.0,3.3852861920946795e-06,0.0,0.0,0.0,0.0,0.0,0.0,0.0,0.0,0.0,3.3852861920946795e-06,3.3852861920946795e-06,0.0,0.0,0.0,3.3852861920946795e-06,1.5233787864426058e-05,0.0,0.0,0.0,0.0,0.0,1.6926430960473398e-06,0.0,0.0,0.0,0.0,2.0311717152568076e-05,0.0,0.0
0.027307411068531733,0.0004451651342604504,0.008317648173976629,0.0002081951008138228,0.0003774594104185568,0.00013033351839564518,0.006494671559533643,0.005900553832821027,0.017139703990575364,0.0025575837181275305,0.08683428347032458,0.0006313558748256578,0.0013625776923181087,0.15105993310674484,0.010733049872036183,0.0020904142236184645,0.06151234275345638,0.031650733252989206,0.0,0.0,1.6926430960473398e-06,0.12379991604490244,0.09013493750761689,0.03292021557502471,2.8774932632804778e-05,0.0,0.014981584043115006,0.0,0.0,0.08380275968530379,0.0025305014285907732,0.014852943167815408,0.003078917791710111,0.004739400668932551,0.029878535931427645,0.047272136386410105,0.0005704207233679535,9.30953702826037e-05,0.0,0.018905130739752737,0.014236821080854176,0.015832983520426818,0.00818223672629284,0.039560454440818425,0.000253896464407101,0.11959200530812875,0.05416457907351487,1.6926430960473398e-06,8.4632154802367e-06,0.0027623935327492585,0.00993242968760579,0.10883525843274791,0.014695527359883005,0.009500805698113719,0.018881433736408076,0.02181309157876207,0.02837377621904156,0.12625255589107504,0.0025914365800484775,0.004707240450107652,0.0014387466316402389,0.0025237308562065836,3.3852861920946795e-06,2.3697003344662756e-05,0.02396274831074219,0.040938265921000964,0.0020040894257200505,0.001807742826578559,0.004292542891576054
0.08169034110143672,0.0017197253855840973,0.03049296537529283,0.0004163902016276456,0.0005314899321588648,0.00017942016818101804,0.008393817113298759,0.014661674497962058,0.022210862706333195,0.004179135804140882,0.12972416688106814,0.0005433384338311961,0.0015403052174030793,0.42944894311365084,0.01867662392178635,0.003366667118038159,0.09799895733185283,0.03478212298067679,0.0,0.0,0.0,0.09013493750761689,0.31888041815055046,0.12388285555660876,6.093515145770423e-05,0.0,0.05977738358000785,0.0,0.0,0.05277999702094815,0.0010680577936058714,0.007346071036845455,0.004703855163915557,0.0068907500440087205,0.09682087773700389,0.08135689041151539,0.0007176806727240721,0.000174342238892876,0.0,0.08565112594618748,0.013153529499383879,0.0073765386125743074,0.008740808947988463,0.04231777004427954,0.0005247193597746753,0.06798331730964535,0.05058463892537475,0.0,1.5233787864426058e-05,0.0039184687673495915,0.041195547671600156,0.07403620902111065,0.006729948949884223,0.011325474955652752,0.062055681187287576,0.03494292407480128,0.012368143102817912,0.17277146609974406,0.0016909504529512925,0.0028927270511449037,0.0019753144930872457,0.004055572858129426,1.6926430960473398e-06,2.7082289536757436e-05,0.03796259935814974,0.18968604855854515,0.007897872686156888,0.0007413776760687348,0.002371392977562323
0.03173536540779157,0.0007836937534699183,0.018493818467413235,0.00021327303010196483,0.00019465395604544407,4.908664978537286e-05,0.003266801175371366,0.012588186705304066,0.010037373559560725,0.0019753144930872457,0.047482024130319975,0.00014387466316402388,0.00032160218824899456,0.181815258161925,0.016144429850099527,0.002422172270443743,0.035916193855028505,0.01128146623515552,0.0,0.0,0.0,0.03292021557502471,0.12388285555660876,0.07109778060637247,2.0311717152568076e-05,0.0,0.03941150184836626,0.0,0.0,0.023182439843464367,0.0004840959254695392,0.002833484542783247,0.0020345570014489024,0.002679454021042939,0.05977399829381576,0.06430351121883844,0.00037576676732250944,8.4632154802367e-05,0.0,0.04319794445422416,0.005050846998605262,0.0023629297620820864,0.0033480480439816384,0.014556730626007123,0.00042823870329997696,0.02444007366382754,0.016904426600224783,0.0,6.770572384189359e-06,0.003182169020568999,0.028631057969640755,0.022843911224254897,0.002953662202602608,0.004382252975666563,0.04700977670652277,0.02744959308859971,0.0055467914257471326,0.0664294709474739,0.0006364338041137998,0.0009292610597299895,0.0007295291743964035,0.0018415956884995058,0.0,5.077929288142019e-06,0.01589391867188452,0.07597597800918089,0.005484163631193381,0.0003317580468252786,0.0008310877601592438
3.3852861920946795e-06,0.0,8.632479789841433e-05,0.0030619913607496376,0.011059729989573318,0.017718587929423553,0.0031263117983994365,1.1848501672331378e-05,0.001061287221221682,0.00036899619493832006,0.00044685777735649774,0.004468577773564977,0.0017298812441603813,6.601308074584625e-05,1.5233787864426058e-05,3.7238148113041476e-05,0.00011340708743517177,0.000253896464407101,0.0,0.0,0.0,2.8774932632804778e-05,6.093515145770423e-05,2.0311717152568076e-05,0.03183184606426627,0.0009800403526114099,0.00010494387195493507,0.0,0.0,3.0467575728852116e-05,9.817329957074572e-05,0.0007295291743964035,0.0013693482647022979,0.0018551368332678844,1.0155858576284038e-05,1.5233787864426058e-05,0.004802028463486303,0.009758087448712914,0.0,0.00011171444433912444,0.00020988774390987014,5.9242508361656894e-05,0.0005958103698086636,0.00011340708743517177,0.008119608931739089,0.0001624937372205446,0.00022850681796639087,1.1848501672331378e-05,0.0,0.0,8.4632154802367e-06,2.5389646440710098e-05,9.817329957074572e-05,0.0002708228953675744,4.062343430513615e-05,0.0,7.109101003398828e-05,0.0001235629460114558,0.0004993297133339652,0.00025728175059919564,0.004158824086988314,0.0037898278920499937,0.0009089493425774214,0.013894907175452612,0.0011696163793687119,0.00010155858576284039,1.69264309604734e-05,0.0001624937372205446,0.0007938496120462024
0.0,0.0,0.0,3.8930791209088815e-05,0.00026066703679129035,0.0005196414304865333,6.432043764979891e-05,0.0,1.0155858576284038e-05,1.6926430960473398e-06,1.3541144768378718e-05,0.000169264309604734,0.00011848501672331379,0.0,0.0,0.0,1.6926430960473398e-06,1.6926430960473398e-06,0.0,0.0,0.0,0.0,0.0,0.0,0.0009800403526114099,0.001448902490216523,1.6926430960473398e-06,0.0,0.0,0.0,1.0155858576284038e-05,1.1848501672331378e-05,2.7082289536757436e-05,5.077929288142019e-06,0.0,0.0,7.109101003398828e-05,0.0002860566832320004,0.0,0.0,1.6926430960473398e-06,0.0,1.1848501672331378e-05,1.6926430960473398e-06,0.00012187030291540847,3.3852861920946795e-06,8.4632154802367e-06,1.6926430960473398e-06,0.0,0.0,0.0,0.0,1.6926430960473398e-06,3.3852861920946795e-06,0.0,0.0,0.0,3.3852861920946795e-06,5.077929288142019e-06,6.770572384189359e-06,6.432043764979891e-05,6.093515145770423e-05,0.0004840959254695392,0.002315535755392761,1.0155858576284038e-05,0.0,0.0,3.3852861920946795e-06,1.5233787864426058e-05
0.010667036791290335,0.00631863667754472,0.11526899484082384,0.0008023128275264391,0.00034360654849761,0.0001489525924521659,0.0031296970845915316,0.01345143468428821,0.022178702487508296,0.011601375780308468,0.07702203144253815,0.00011848501672331379,0.0003097536865766632,0.06832353857195088,0.03803030508199163,0.008400587685682947,0.03088058064428767,0.009138580075559588,0.0,0.0,0.0,0.014981584043115006,0.05977738358000785,0.03941150184836626,0.00010494387195493507,1.6926430960473398e-06,0.07358258067136995,0.0,0.0,0.007506872130969952,0.00029621254180828445,0.002266449105607388,0.0033683597611342065,0.012891169819496541,0.06733334236076317,0.053822665168113314,0.0014048937697192922,0.0005247193597746753,0.0,0.08159555308805806,0.003505463851914041,0.0016164741567252095,0.00300951942477217,0.008610475429592817,0.0007058321710517407,0.01999350025051118,0.013688404717734838,0.0,0.0,0.0057532938834649085,0.02143055423905537,0.010653495646521956,0.0018771411935164998,0.003904927622581213,0.12432632804777316,0.02127821636041111,0.0029638180611788923,0.03553027122912971,0.0005010223564300126,0.0007566114639331609,0.0033446627577895433,0.007952037265230402,3.3852861920946795e-06,6.601308074584625e-05,0.06836754729244811,0.0790261208682582,0.014976506113826863,0.0002081951008138228,0.0006516675919782259
0.0,0.0,0.0,0.0,0.0,0.0,0.0,0.0,0.0,0.0,0.0,0.0,0.0,0.0,0.0,0.0,0.0,0.0,0.0,0.0,0.0,0.0,0.0,0.0,0.0,0.0,0.0,0.0,0.0,0.0,0.0,0.0,0.0,0.0,0.0,0.0,0.0,0.0,0.0,0.0,0.0,0.0,0.0,0.0,0.0,0.0,0.0,0.0,0.0,0.0,0.0,0.0,0.0,0.0,0.0,0.0,0.0,0.0,0.0,0.0,0.0,0.0,0.0,0.0,0.0,0.0,0.0,0.0,0.0
0.0,0.0,0.0,0.0,0.0,0.0,0.0,0.0,0.0,0.0,0.0,0.0,0.0,0.0,0.0,0.0,0.0,0.0,0.0,0.0,0.0,0.0,0.0,0.0,0.0,0.0,0.0,0.0,0.0,0.0,0.0,0.0,0.0,0.0,0.0,0.0,0.0,0.0,0.0,0.0,0.0,0.0,0.0,0.0,0.0,0.0,0.0,0.0,0.0,0.0,0.0,0.0,0.0,0.0,0.0,0.0,0.0,0.0,0.0,0.0,0.0,0.0,0.0,0.0,0.0,0.0,0.0,0.0,0.0
0.022390282874514212,0.0006753645953228886,0.004668309658898563,0.00013710409077983453,0.0007193733158201194,0.00035376240707389405,0.010450378474996276,0.006247545667510732,0.021703069777518992,0.0032752643908516028,0.05993310674484421,0.0028808785494725724,0.0038270660401630353,0.14092607889070943,0.010342049316849247,0.0036137930100610706,0.0287935517068613,0.03828250890330268,0.0,0.0,1.6926430960473398e-06,0.08380275968530379,0.05277999702094815,0.023182439843464367,3.0467575728852116e-05,0.0,0.007506872130969952,0.0,0.0,0.14339056723855434,0.009082722853390025,0.04107875529797289,0.0048223401806388715,0.005470622486425002,0.01791831981475714,0.04469254830803396,0.0007261438882043088,0.0001235629460114558,0.0,0.007087096643150212,0.015367506669013799,0.024214952132053245,0.01209562756435429,0.05824554157808501,0.00035376240707389405,0.194686116264269,0.10533148722392992,1.8619074056520738e-05,5.2471935977467534e-05,0.0031872469498571408,0.005404609405679156,0.11580556270227085,0.03689284892144782,0.011917900039269319,0.010101693997210524,0.023168898698695987,0.06280890736502864,0.08721512816693523,0.004273923817519533,0.005651735297702068,0.0016807945943750084,0.0032634158891792714,1.6926430960473398e-06,2.3697003344662756e-05,0.01672162114585167,0.018888204308792265,0.0021733537353247844,0.005369063900662162,0.013189075004400872
0.0008564774065999539,6.770572384189359e-06,0.0002335847472545329,0.0006364338041137998,0.002584666007664288,0.0008835596961367114,0.02576372056493656,0.0001523378786442606,0.006560684640279489,0.001046053433357256,0.002919809340681661,0.007422239976167585,0.010868461319719969,0.003913390838061449,0.00039269319828298286,8.801744099446167e-05,0.000956343349266747,0.003806754323010467,0.0,0.0,0.0,0.0025305014285907732,0.0010680577936058714,0.0004840959254695392,9.817329957074572e-05,1.0155858576284038e-05,0.00029621254180828445,0.0,0.0,0.009082722853390025,0.02087705994664789,0.06548836138607157,0.008752657449660793,0.006883979471624531,0.0006381264472098471,0.0011645384500805697,0.002191972809381305,0.00011679237362726644,0.0,0.00038761526899484084,0.008126379504123279,0.015167774783680213,0.007564421996235562,0.003133082370783626,0.000990196211187694,0.011232379585370147,0.003639182656501781,0.00010832915814702975,0.00019296131294939674,0.00014725994935611857,0.00015403052174030793,0.002599899795528714,0.021313761865428105,0.006020731492640388,0.00045193570664463976,0.0004773253530853498,0.014888488672832401,0.0022918387520480983,0.023597137401995965,0.016330620590664736,0.003999715635959864,0.01035220517542553,3.3852861920946795e-06,0.00020311717152568078,0.0020260937859686657,0.0007024468848596461,6.601308074584625e-05,0.03470595404135465,0.04396640441982965
0.00348684477785752,4.908664978537286e-05,0.0010240490731086406,0.0031093853674389635,0.008816977887310593,0.0033548186163658276,0.09790755460466628,0.0011831575241370905,0.02673699034516378,0.004429646982355888,0.013590231418164091,0.02601761702934366,0.04547454941840783,0.022038213110536366,0.002464488347844927,0.0004163902016276456,0.005768527671329334,0.01897452910669068,0.0,0.0,0.0,0.014852943167815408,0.007346071036845455,0.002833484542783247,0.0007295291743964035,1.1848501672331378e-05,0.002266449105607388,0.0,0.0,0.04107875529797289,0.06548836138607157,0.318470798521307,0.036134544814418613,0.0301916749041964,0.0037407412422646212,0.010045836775040963,0.00853938441955883,0.0009343389890181316,0.0,0.0022376741729745833,0.030423567008354885,0.06858589825183821,0.03395949843599778,0.014521185120990128,0.004426261696163794,0.05366524936018091,0.015577394412923669,0.0001912686698533494,0.002599899795528714,0.0007227586020122142,0.0010765210090861082,0.013234776367994151,0.09022972552099555,0.01940615309618275,0.002384934122330702,0.004559980500751534,0.06322868285284838,0.013026581267180327,0.08471678695716936,0.06436106108410405,0.015497840187409444,0.02665235819036141,9.30953702826037e-05,0.00039269319828298286,0.008331189318745007,0.004703855163915557,0.0002843640401359531,0.05732812902002735,0.146989126460751
0.0006736719522268412,0.00012187030291540847,0.003935395198310065,0.009835949031131093,0.01655574212243903,0.003933702555214018,0.14506289861744912,0.0002335847472545329,0.09834087123725439,0.01715493777843979,0.03489722271120801,0.005223496594402091,0.01376288101396092,0.004658153800322279,0.0007633820363173502,0.00018788338366125472,0.007459478124280627,0.02396951888312638,0.0,0.0,0.0,0.003078917791710111,0.004703855163915557,0.0020345570014489024,0.0013693482647022979,2.7082289536757436e-05,0.0033683597611342065,0.0,0.0,0.0048223401806388715,0.008752657449660793,0.036134544814418613,0.12874243388536066,0.13396931576595486,0.0015860065809963574,0.0013490365475497298,0.022737274709203916,0.0016350932307817303,0.0,0.004920513480209617,0.02808433424961746,0.02402706874839199,0.06169514820782949,0.007654132080326071,0.010844764316375306,0.01532180530542052,0.011724938726319923,1.8619074056520738e-05,2.3697003344662756e-05,7.955422551422497e-05,0.0008801744099446167,0.002127652371731506,0.011623380140557082,0.04315055044753483,0.003639182656501781,0.0004671694945090658,0.007247897737274709,0.010274343593007353,0.016586209698167882,0.029277647632330837,0.06233496729813538,0.11069378055220788,3.38528619209468e-05,0.000607658871480995,0.023207829489905078,0.007459478124280627,0.0005433384338311961,0.004597218648864575,0.011760484231336917
